iteration: 1, time: 27.332
v: [12.0, 12.0, 12.0, 12.0, 12.0, 12.0, 12.0, 12.0, 12.0, 12.0, 12.0]
a: [100.0, 100.0, 100.0, 100.0, 100.0, 100.0, 100.0, 100.0, 100.0, 100.0, 100.0]
d: [5.0, 5.0, 5.0, 5.0, 5.0, 5.0, 5.0, 5.0, 5.0, 5.0, 5.0]
iteration: 14, time: 26.531
v: [12.0, 12.0, 12.0, 12.0, 12.0, 12.0, 12.0, 12.0, 12.0, 12.0, 12.0]
a: [100.0, 100.0, 100.0, 100.0, 100.0, 100.0, 100.0, 100.0, 100.0, 100.0, 100.0]
d: [5.0, 5.0, 5.0, 5.0, 5.0, 5.0, 5.0, 5.0, 5.0, 4.414147142284089, 5.0]
iteration: 20, time: 26.106
v: [12.0, 12.0, 12.0, 9.182512975220524, 12.0, 12.0, 12.0, 12.0, 12.0, 12.0, 12.0]
a: [100.0, 100.0, 100.0, 100.0, 100.0, 100.0, 100.0, 100.0, 81.22351681394488, 100.0, 100.0]
d: [5.0, 5.0, 5.0, 5.0, 5.0, 5.0, 5.0, 6.775556378494994, 5.0, 4.414147142284089, 5.0]
iteration: 21, time: 23.025
v: [12.0, 12.0, 12.0, 9.182512975220524, 12.0, 12.906587790610747, 12.0, 12.0, 12.0, 12.0, 12.0]
a: [100.0, 100.0, 100.0, 100.0, 100.0, 100.0, 100.0, 100.0, 81.22351681394488, 100.0, 100.0]
d: [5.0, 5.0, 5.0, 5.0, 5.0, 4.750758597544794, 5.0, 6.775556378494994, 5.0, 4.414147142284089, 5.0]
