iteration: 1, time: 23.723, last_race_time:10000.0
v: [12.0, 12.0, 12.0, 9.182512975220524, 12.0, 12.906587790610747, 12.0, 12.0, 12.0, 12.0, 12.0]
a: [100.0, 100.0, 100.0, 100.0, 100.0, 100.0, 100.0, 100.0, 81.22351681394488, 100.0, 100.0]
d: [5.0, 5.0, 5.0, 5.0, 5.0, 4.750758597544794, 5.0, 6.775556378494994, 5.0, 4.414147142284089, 5.0]
iteration: 5, time: 22.943, last_race_time:23.723
v: [12.0, 12.0, 12.0, 9.182512975220524, 12.0, 12.906587790610747, 12.0, 14.22332827555891, 12.0, 12.0, 12.0]
a: [100.0, 100.0, 100.0, 100.0, 100.0, 100.0, 100.0, 100.0, 81.22351681394488, 100.0, 100.0]
d: [5.0, 5.0, 5.0, 5.0, 5.0, 4.750758597544794, 5.0, 4.743401275231673, 5.0, 4.414147142284089, 5.0]
