iteration: 1, time: [1000, 1000, 1000], last_race_time:[1000. 1000. 1000.]
v: [5.0, 5.0, 5.0]
a: [50.0, 50.0, 50.0]
d: [2.0, 2.0, 2.0]
iteration: 2, time: [7.39, 9.68, 11.3], last_race_time:[1000. 1000. 1000.]
v: [16.109053657026855, 18.25943097941707, 19.289793163075856]
a: [50.0, 174.76089739130072, 174.50496793333377]
d: [2.0, 4.954220251498018, 4.153004971120016]
iteration: 3, time: [7.41, 9.85, 11.65], last_race_time:[ 7.39  9.68 11.3 ]
v: [16.109053657026855, 18.25943097941707, 19.289793163075856]
a: [50.0, 174.76089739130072, 61.25994275246638]
d: [2.0, 4.954220251498018, 4.107571788639471]
iteration: 4, time: [1000, 1000, 1000], last_race_time:[ 7.39  9.68 11.3 ]
v: [5.0, 5.0, 24.57701267283996]
a: [50.0, 50.0, 170.8463421319476]
d: [2.0, 2.0, 3.532773153525599]
